0.865670009848
0.240464946103
0.38583753445
0.851896046359
0.56613365811
0.901353547484
0.47530934886
0.903698474043
0.690057722624
0.549349071622
0.374166366825
0.63335531551
0.607434274558
0.1626603772
0.83351884709
0.0359058383554
0.609767544224
0.285237408249
0.0719002438465
0.190789028898
0.543091426736
0.459746933812
0.0391287065418
0.622562275433
0.779975802936
0.244342496913
0.371266194705
0.345787278298
0.741623933759
0.850121948054
0.685743644872
0.145630297461
0.660781531674
0.210670589721
0.96142949663
0.990692331107
0.625129114071
0.152329632038
0.855894485246
0.264533113324
0.851122834294
0.142417567076
0.564451136626
0.306015661178
0.587379621679
0.899642857594
0.355200672252
0.0405089244985
0.312901166629
0.361095211156
0.913194341486
0.477932597537
0.180681659288
0.96259172412
0.78740735737
0.410393165553
0.844108627476
0.66735576565
0.15425532138
0.835582894556
0.768840815953
0.245652737658
0.125692300689
0.940559728085
0.667758638399
0.198809839088
0.553685143141
0.124897913588
0.201806709672
0.13447954472
0.71244427356
0.278721965637
0.0250741916553
0.0127420720865
0.245188660462
0.903489786225
0.757094598229
0.351539419435
0.607808171694
0.755530111153
0.410197745084
0.954407945508
0.0539016890521
0.594149858208
0.467270773494
0.615065734915
0.275256670741
0.204535212214
0.137039536227
0.0728807017791
0.387315683815
0.518550633027
0.192993378828
0.937270955066
0.845116651087
0.649181830151
0.42346980204
0.885449875897
0.294045043776
0.0994454604864
