[12.927977137623403, 10.017166785639231, [0.0, 0.0]][12.5401378234947, 10.017166785639231, [0.0070310993097532255, 0.0064898741391519804]]
[12.163933688789859, 10.017166785639231, [0.014172573009794855, 0.013610567757733276]]
[11.799015678126162, 10.017166785639231, [0.02148445428675308, 0.020906511397614562]]
[11.445045207782377, 10.017166785639231, [0.028974358754667865, 0.028380127058774313]]
[11.101693851548905, 10.017166785639231, [0.036645270732022908, 0.036034337567368201]]
[10.768643036002437, 10.017166785639231, [0.044500142789372643, 0.043872087039156044]]
[10.445583744922365, 10.017166785639231, [0.052541895399361549, 0.051896288053325516]]
[10.132216232574693, 10.017166785639231, [0.060773412026461887, 0.060109816194595232]]
[9.8282497455974518, 10.017166785639231, [0.069197533486690124, 0.0685155044172754]]
[9.5334022532295286, 10.017166785639231, [0.077817052084907995, 0.077116137193492362]]
[9.2474001856326424, 10.017166785639231, [0.086634705533004425, 0.085914444442924828]]
[8.9699781800636629, 10.017166785639231, [0.095653170652962305, 0.094913095248001428]]
[8.7008788346617525, 10.017166785639231, [0.1048750568698862, 0.10411469135963201]]
[8.4398524696218988, 10.017166785639231, [0.11430289950125791, 0.11352176049974914]]
[8.1866568955332415, 10.017166785639231, [0.1239391528499649, 0.12313674946819532]]
[7.9410571886672443, 10.017166785639231, [0.13378618310994822, 0.13296201706280963]]
[7.702825473007227, 10.017166785639231, [0.14384626109472926, 0.14299982682296139]]
[7.47174070881701, 10.017166785639231, [0.15412155480048914, 0.15325233960820753]]
[7.2475884875524992, 10.017166785639231, [0.16461412181687685, 0.16372160602522395]]
[7.0301608329259242, 10.017166785639231, [0.17532590160026112, 0.17440955871773164]]
[6.8192560079381463, 10.017166785639231, [0.18625870762570365, 0.18531800453566319]]
[6.6146783277000019, 10.017166785639231, [0.19741421943553597, 0.19644861660144697]]
[6.4162379778690015, 10.017166785639231, [0.20879397460406116, 0.20780292629290084]]
[6.223750838532931, 10.017166785639231, [0.22039936063953167, 0.21938231516385295]]
[6.037038313376943, 10.017166785639231, [0.23223160684619082, 0.23118800682527249]]
[5.8559271639756343, 10.017166785639231, [0.24429177617081846, 0.24322105881128916]]
[5.680249349056365, 10.017166785639231, [0.25658075705981759, 0.25548235445611617]]
[5.5098418685846742, 10.017166785639231, [0.26909925535446233, 0.26797259480946234]]
[5.3445466125271341, 10.017166785639231, [0.28184778625347157, 0.28069229061953094]]
[5.18421021415132, 10.017166785639231, [0.29482666637352095, 0.29364175441419521]]
[5.02868390772678, 10.017166785639231, [0.30803600593971409, 0.30682109271229513]]
[4.8778233904949762, 10.017166785639231, [0.32147570113932605, 0.32023019839832284]]
[4.7314886887801269, 10.017166785639231, [0.33514542667331154, 0.33386874329493094]]
[4.5895440281167232, 10.017166785639231, [0.34904462854113821, 0.34773617096874487]]
[4.4518577072732217, 10.017166785639231, [0.36317251709542053, 0.36183168980589603]]
[4.3183019760550252, 10.017166785639231, [0.37752806040356723, 0.37615426639441174]]
[4.1887529167733746, 10.017166785639231, [0.39210997795424524, 0.39070261925118832]]
[4.0630903292701737, 10.017166785639231, [0.40691673474684159, 0.40547521293163996]]
[3.9411976193920681, 10.017166785639231, [0.42194653580224523, 0.42047025256027881]]
[3.8229616908103061, 10.017166785639231, [0.43719732113325632, 0.43568567882042497]]
[3.7082728400859968, 10.017166785639231, [0.45266676121259036, 0.45111916344093439]]
[3.5970246548834166, 10.017166785639231, [0.46835225297591132, 0.46676810521729206]]
[3.4891139152369139, 10.017166785639231, [0.4842509163965063, 0.48262962660357783]]
[3.3844404977798064, 10.017166785639231, [0.50035959166712785, 0.49870057091073489]]
[3.2829072828464123, 10.017166785639231, [0.51667483702314609, 0.51497750014519628]]
[3.1844200643610199, 10.017166785639231, [0.53319292723951028, 0.53145669352026048]]
[3.0888874624301894, 10.017166785639231, [0.54990985283205063, 0.54813414667065341]]
[2.9962208385572837, 10.017166785639231, [0.56682131999143992, 0.56500557159850473]]
[2.906334213400565, 10.017166785639231, [0.58392275127558535, 0.58206639737639809]]
[2.8191441869985479, 10.017166785639231, [0.60120928708343546, 0.59931177163040583]]
[2.7345698613885911, 10.017166785639231, [0.61867578793010536, 0.61673656282290645]]
[2.6525327655469333, 10.017166785639231, [0.63631683753988888, 0.63433536335166363]]
[2.5729567825805253, 10.017166785639231, [0.6541267467701456, 0.65210249347809079]]
[2.4957680791031094, 10.017166785639231, [0.6720995583752607, 0.67003200609378799]]
[2.4208950367300162, 10.017166785639231, [0.69022905261584144, 0.6881176923304777]]
[2.3482681856281156, 10.017166785639231, [0.70850875371416577, 0.7063530880142519]]
[2.2778201400592719, 10.017166785639231, [0.72693193715251925, 0.72473148096074047]]
[2.2094855358574939, 10.017166785639231, [0.74549163780664252, 0.74324591910333715]]
[2.1432009697817689, 10.017166785639231, [0.76418065890192699, 0.76188921944210675]]
[2.0789049406883158, 10.017166785639231, [0.78299158177543238, 0.78065397779638557]]
[2.0165377924676662, 10.017166785639231, [0.8019167764221552, 0.79953257933950006]]
[1.9560416586936362, 10.017166785639231, [0.82094841279942221, 0.81851720988944277]]
[1.8973604089328271, 10.017166785639231, [0.84007847285871673, 0.83759986792482355]]
[1.8404395966648421, 10.017166785639231, [0.85929876326985299, 0.8567723772910012]]
[1.7852264087648968, 10.017166785639231, [0.87860092879810259, 0.87602640055703007]]
[1.7316696165019498, 10.017166785639231, [0.89797646629079042, 0.89535345297996161]]
[1.6797195280068913, 10.017166785639231, [0.91741673922598865, 0.91474491702916272]]
[1.6293279421666844, 10.017166785639231, [0.9369129927723121, 0.93419205741971423]]
[1.5804481039016838, 10.017166785639231, [0.95645636930548816, 0.95368603660061624]]
[1.5330346607846332, 10.017166785639231, [0.97603792432434788, 0.97321793064054363]]
[1.4870436209610942, 10.017166785639231, [0.99564864270627562, 0.99277874545123024]]
[1.4424323123322613, 10.017166785639231, [1.0152794552398403, 1.0123594332863521]]
[1.3991593429622935, 10.017166785639231, [1.0349212553704858, 1.0319509094518597]]
[1.3571845626734247, 10.017166785639231, [1.0545649160937238, 1.0515440691623339]]
[1.3164690257932219, 10.017166785639231, [1.0742013069292664, 1.0711298044769277]]
[1.2769749550194252, 10.017166785639231, [1.093821310908988, 1.090699021247912]]
[1.2386657063688424, 10.017166785639231, [1.1134158415115023, 1.1102426560147558]]
[1.2015057351777771, 10.017166785639231, [1.1329758594765162, 1.1297516927770725]]
[1.1654605631224437, 10.017166785639231, [1.1524923894329289, 1.1492171795805195]]
[1.1304967462287703, 10.017166785639231, [1.1719565362759039, 1.1686302448510777]]
[1.096581843841907, 10.017166785639231, [1.1913595012298377, 1.187982113414765]]
[1.0636843885266498, 10.017166785639231, [1.2106925975362401, 1.2072641221420053]]
[1.0317738568708503, 10.017166785639231, [1.2299472657080563, 1.2264677351583144]]
[1.0008206411647247, 10.017166785639231, [1.2491150882948081, 1.2455845585658833]]
[0.97079602192978287, 10.017166785639231, [1.2681878041061498, 1.2646063546237987]]
[0.94167214127188936, 10.017166785639231, [1.2871573218449202, 1.2835250553381763]]
[0.91342197703373262, 10.017166785639231, [1.3060157331045894, 1.3023327754172471]]
[0.88601931772272058, 10.017166785639231, [1.3247553246899797, 1.321021824550455]]
[0.85943873819103889, 10.017166785639231, [1.3433685902243748, 1.3395847189748311]]
[0.83365557604530771, 10.017166785639231, [1.3618482410105019, 1.3580141922962869]]
[0.80864590876394848, 10.017166785639231, [1.3801872161173705, 1.3763032055379396]]
[0.78438653150102999, 10.017166785639231, [1.3983786916694969, 1.394444956392153]]
[0.76085493555599903, 10.017166785639231, [1.4164160893196867, 1.4124328876575909]]
[0.73802928748931906, 10.017166785639231, [1.4342930838911303, 1.4302606948471459]]
[0.71588840886463945, 10.017166785639231, [1.4520036101791596, 1.4479223329572166]]
[0.69441175659870025, 10.017166785639231, [1.4695418689074842, 1.4654120223932356]]
[0.67357940390073923, 10.017166785639231, [1.4869023318381545, 1.482724254050807]]
[0.65337202178371701, 10.017166785639231, [1.504079746038717, 1.4998537935559635]]
[0.63377086113020553, 10.017166785639231, [1.5210691373141378, 1.5167956846722079]]
[0.6147577352962994, 10.017166785639231, [1.5378658128149394, 1.533545251885841]]
[0.59631500323741038, 10.017166785639231, [1.5544653628366929, 1.5500981021847346]]
[0.5784255531402881, 10.017166785639231, [1.5708636618294269, 1.5664501260491741]]
[0.56107278654607939, 10.017166785639231, [1.5870568686387105, 1.5825974976765167]]
[0.54424060294969701, 10.017166785639231, [1.6030414260030772, 1.5985366744643699]]
[0.52791338486120609, 10.017166785639231, [1.6188140593351101, 1.6142643957795768]]
[0.51207598331536985, 10.017166785639231, [1.6343717748158373, 1.6297776810426718]]
[0.49671370381590874, 10.017166785639231, [1.6497118568341997, 1.645073827159522]]
[0.48181229270143144, 10.017166785639231, [1.6648318648050713, 1.6601504053336213]]
[0.4673579239203885, 10.017166785639231, [1.6797296294008683, 1.6750052572940122]]
[0.45333718620277685, 10.017166785639231, [1.6944032482329272, 1.6896364909749815]]
[0.43973707061669354, 10.017166785639231, [1.7088510810198136, 1.7040424756846171]]
[0.42654495849819274, 10.017166785639231, [1.7230717442803454, 1.7182218367999595]]
[0.41374860974324695, 10.017166785639231, [1.7370641055895335, 1.7321734500268711]]
[0.40133615145094953, 10.017166785639231, [1.7508272774358073, 1.7458964352629054]]
[0.38929606690742102, 10.017166785639231, [1.764360610717792, 1.7593901501013782]]
[0.37761718490019835, 10.017166785639231, [1.7776636879186323, 1.7726541830145335]]
[0.36628866935319238, 10.017166785639231, [1.7907363159953553, 1.7856883462532109]]
[0.35530000927259658, 10.017166785639231, [1.8035785190200762, 1.7984926684997322]]
[0.34464100899441868, 10.017166785639231, [1.8161905306090098, 1.8110673873098591]]
[0.33430177872458611, 10.017166785639231, [1.8285727861742513, 1.8234129413787035]]
[0.32427272536284851, 10.017166785639231, [1.8407259150321276, 1.8355299626642894]]
[0.31454454360196304, 10.017166785639231, [1.852650732400716, 1.8474192684012611]]
[0.30510820729390414, 10.017166785639231, [1.864348231317706, 1.8590818530358246]]
[0.29595496107508701, 10.017166785639231, [1.8758195745084103, 1.8705188801116208]]
[0.28707631224283436, 10.017166785639231, [1.8870660862321558, 1.8817316741346786]]
[0.27846402287554933, 10.017166785639231, [1.8980892441337791, 1.8927217124440723]]
[0.27011010218928283, 10.017166785639231, [1.9088906711253135, 1.9034906171132735]]
[0.26200679912360436, 10.017166785639231, [1.9194721273213318, 1.9140401469055912]]
[0.25414659514989624, 10.017166785639231, [1.9298355020497868, 1.9243721893054391]]
[0.24652219729539934, 10.017166785639231, [1.9399828059585231, 1.9344887526455334]]
[0.23912653137653736, 10.017166785639231, [1.9499161632360265, 1.9443919583484977]]
[0.23195273543524123, 10.017166785639231, [1.9596378039633218, 1.9540840332997249]]
[0.22499415337218398, 10.017166785639231, [1.9691500566124018, 1.9635673023667999]]
[0.21824432877101846, 10.017166785639231, [1.9784553407049548, 1.972844181079181]]
[0.2116969989078879, 10.017166785639231, [1.987556159643697, 1.9819171684803907]]
[0.20534608894065126, 10.017166785639231, [1.996455093727131, 1.9907888401634741]]
[0.19918570627243171, 10.017166785639231, [2.0051547933571392, 1.9994618414990823]]
[0.19321013508425874, 10.017166785639231, [2.0136579724475014, 2.0079388810642138]]
[0.18741383103173098, 10.017166785639231, [2.0219674020400942, 2.0162227242783346]]
[0.18179141610077904, 10.017166785639231, [2.0300859041343378, 2.024316187252392]]
[0.17633767361775565, 10.017166785639231, [2.038016345734281, 2.032222130855081]]
[0.17104754340922299, 10.017166785639231, [2.0457616331166295, 2.0399434549996274]]
[0.16591611710694629, 10.017166785639231, [2.0533247063219853, 2.0474830931533372]]
[0.16093863359373789, 10.017166785639231, [2.0607085338706246, 2.0548440070711971]]
[0.15611047458592575, 10.017166785639231, [2.0679161077032444, 2.0620291817539478]]
[0.15142716034834797, 10.017166785639231, [2.0749504383462813, 2.069041620630204]]
[0.14688434553789753, 10.017166785639231, [2.0818145503006562, 2.075884340961462]]
[0.14247781517176061, 10.017166785639231, [2.0885114776521059, 2.0825603694681485]]
[0.13820348071660779, 10.017166785639231, [2.09504425990063, 2.0890727381742118]]
[0.13405737629510955, 10.017166785639231, [2.10141593800601, 2.0954244804672268]]
[0.13003565500625627, 10.017166785639231, [2.107629550645854, 2.1016186273704469]]
[0.12613458535606858, 10.017166785639231, [2.1136881306821622, 2.1076582040227927]]
[0.12235054779538652, 10.017166785639231, [2.1195947018320029, 2.1135462263623821]]
[0.11868003136152493, 10.017166785639231, [2.1253522755375354, 2.1192856980088282]]
[0.11511963042067917, 10.017166785639231, [2.1309638480303339, 2.124879607339262]]
[0.1116660415080588, 10.017166785639231, [2.1364323975846737, 2.1303309247527547]]
[0.10831606026281702, 10.017166785639231, [2.1417608819542675, 2.1356426001176203]]
[0.10506657845493252, 10.017166785639231, [2.1469522359867175, 2.1408175603958957]]
[0.10191458110128454, 10.017166785639231, [2.1520093694098672, 2.1458587074391593]]
[0.098857143668245995, 10.017166785639231, [2.1569351647840689, 2.1507689159497465]]
[0.09589142935819861, 10.017166785639231, [2.1617324756143748, 2.1555510316013589]]
[0.093014686477452646, 10.017166785639231, [2.1664041246165726, 2.1602078693130129]]
[0.090224245883129064, 10.017166785639231, [2.1709529021309812, 2.1647422116702497]]
[0.087517518506635195, 10.017166785639231, [2.1753815646779513, 2.1691568074875716]]
[0.084891992951436138, 10.017166785639231, [2.179692833649018, 2.1734543705060623]]
[0.08234523316289305, 10.017166785639231, [2.1838893941277302, 2.1776375782202217]]
[0.079874876168006259, 10.017166785639231, [2.1879738938342181, 2.1817090708281177]]
[0.077478629882966069, 10.017166785639231, [2.1919489421876941, 2.1856714502990311]]
[0.07515427098647709, 10.017166785639231, [2.1958171094811205, 2.1895272795528737]]
[0.072899642856882774, 10.017166785639231, [2.1995809261624526, 2.1932790817457821]]
[0.070712653571176287, 10.017166785639231, [2.2032428822169341, 2.19692933965639]]
[0.068591273964040994, 10.017166785639231, [2.2068054266450883, 2.200480495167437]]
[0.066533535745119762, 10.017166785639231, [2.2102709670311738, 2.2039349488374982]]
[0.064537529672766172, 10.017166785639231, [2.213641869197025, 2.2072950595577607]]
[0.062601403782583179, 10.017166785639231, [2.2169204569363425, 2.210563144288948]]
[0.060723361669105684, 10.017166785639231, [2.2201090118246545, 2.2137414778736053]]
[0.05890166081903251, 10.017166785639231, [2.2232097731003444, 2.2168322929191722]]
[0.057134610994461536, 10.017166785639231, [2.2262249376122729, 2.2198377797473778]]
[0.055420572664627687, 10.017166785639231, [2.2291566598297128, 2.2227600864056876]]
[0.053757955484688855, 10.017166785639231, [2.23200705191045, 2.2256013187366825]]
[0.052145216820148187, 10.017166785639231, [2.2347781838231011, 2.2283635405014159]]
[0.050580860315543742, 10.017166785639231, [2.2374720835198101, 2.2310487735529412]]
[0.049063434506077426, 10.017166785639231, [2.2400907371557066, 2.2336589980563915]]
[0.0475915314708951, 10.017166785639231, [2.2426360893516102, 2.2361961527521146]]
[0.046163785526768246, 10.017166785639231, [2.2451100434966573, 2.238662135258553]]
[0.044778871960965194, 10.017166785639231, [2.2475144620876697, 2.2410588024116946]]
[0.043435505802136239, 10.017166785639231, [2.2498511671022237, 2.2433879706380666]]
[0.04213244062807215, 10.017166785639231, [2.2521219404025463, 2.2456514163584131]]
[0.040868467409229982, 10.017166785639231, [2.2543285241674846, 2.2478508764192999]]
[0.039642413386953082, 10.017166785639231, [2.2564726213499529, 2.2499880485500796]]
[0.03845314098534449, 10.017166785639231, [2.2585558961573868, 2.2520645918427422]]
[0.037299546755784153, 10.017166785639231, [2.2605799745528703, 2.2540821272523224]]
[0.036180560353110625, 10.017166785639231, [2.2625464447747183, 2.2560422381156773]]
[0.035095143542517304, 10.017166785639231, [2.2644568578724398, 2.257946470686536]]
[0.034042289236241786, 10.017166785639231, [2.2663127282571081, 2.2597963346848804]]
[0.033021020559154533, 10.017166785639231, [2.268115534264278, 2.2615933038587932]]
[0.032030389942379896, 10.017166785639231, [2.2698667187277155, 2.2633388165570492]]
[0.031069478244108498, 10.017166785639231, [2.271567689562302, 2.2650342763108147]]
[0.030137393896785242, 10.017166785639231, [2.2732198203545675, 2.2666810524229177]]
[0.029233272079881682, 10.017166785639231, [2.2748244509594189, 2.2682804805632681]]
